1555 1555155155 55151155 1556

optoque, 55 5155151555555155555. 5515 55155515 5515555, 55555 1555515, 115555-

55 55 ιο, 55555ε 55155 55515515, 55555 55515555 (55,5 51555515555,555111555,55515555151555515Ἥ

15511551, 15 5155555, cupio 55. 5555 55. 55115 15 5555551155, 55515155- 1155555
5555 55155, Qudne 555 555 1555 555551551555555 5151 vitam 155155555155555Μ55515555Ἧ5
..111111111111111111111111 11.·1111111111115111111 115151

51555555 551155,1.1555555,1-55551555 55151555 5511 3515 55155 1515555, ,55.555551155551551555

5, contendere 51515 55 55555. ,55555555 515 ’15555555 51555511 5511555

515 ;.555555 51 55155555555555555555551555. (11 ,1,55555 555’ 1555155 515 5555155555551ΜΜ
,11555 15155555 1115 5 5555 115151 55151555 15111551555555511555155, 5. 551511555Μ115,

511051551111519555555555 51115 um deposcere 55· 1Μ555ιή11115111ἒ15 1515511155(

⁴ 1551515( (555 mssctaegffletiffigggmssgpffliffi( 155 55115111ι 1111115 1115555555, ὼέέιῗιὲὅεῗη
515515551511511555, 555 51551555 5555151155). 15 55 55515 555555, 55555555515555151155

appetentus (515 1151555555 15155, 515 55555 Qu 555 1115511155 cru, 1555515555( 1151115

[5555515555 5551115555555515 51555 55155151 115515555511. 5551155155, 55551, 15555

-155115555555551551511555 55155155, Q& Q· 55155151 5555 5511551555 555551151151551551 -155

1555555555 55555, 55 555551555555551155515551155111515555155 55 5551, ,5551151155

5511555555, 51515 55155155 (1155551511 ,5555 Qu pror. -1555155155511155 mm

55((1115 555195-515 5515 55555 55 5555155 55555 5555, 111. 515555 -.1151555
15555555, 5151’55511551(155151555551151155555555 prolatio 1151.

15555, ,155155 551551151555151111555515555555. Ξῃ1111555551 551155 151155155515511555155
15515551155551Μ555151551111155511515551Μ1(5551515555155351551515551Ἣ1115-
55555, 551155, 555555555511. 555 5555555515 ,555555

55555, 555 55, ardenter 55 55551 d 51515 555 55 1 5551511555 115. 15. lin 5555151155, 551515
5515151551 5551515551 51551151155555555- 51555 55555 55 5155511555 1555 551 5555151555,
555 55. 5555515511 summi 51515 551555111555 51- 5551115555 55555155 15155 11555 55555 15551155
rectumne: 5551515511. 5555515555. 555555, 555- &QQQQQ 515555, 515 15555 115555, 55551511·
Qno 51515 desiderio teneri· 5555511. 5555 555. 55 5115555555 (1155. ’51551151 5155551155 55515511
555, 555155, plus demorare 51111515 5551511, 155· 51515πῦ55515 5155115155· 55555 5555111555
15511, 155111 1155, 15 1555 55.,55 cumo 55. 5555 55. 5551151) 1155. 5,-11 1555115551 5555551555. 55. 55551
valde 5555 55155, 55· 555.. 55551, cup 1515- 555151155, ,5555 155 5551555 555555 15 5511551551

Π11111115,1155555555155155555-5551155555111 15 5555511115 5555 51551555 5551151155, (115555
quid 5151 qu1d 1155155551 555151155,.1111555515551.-551555 5151555515

5551555555155555,1551155551115 515555515555155555555555555

5515155555, ·5151 555

5551551555111115155555 5555555155555551 1355555555515555555151555 5155 5115,ιω 5511
55555155 5555155555 555551555155 515 51555551.- 1-1155551555 51551555, de 51555 51551
1555511115, 555555, 55151555 5555555555· ,55555( 5555555515555 1155· 5551555 5555551
5515555555,55155511551155555551-555 151555555555555515555551515551ω5111
5 555555511555555555511515551155, longinum 55515555 5555551- discedere 5551555

55551555- 11115155 5555555555 115555, 555 qo 555, 5555. 5551551555115511, 1151
eithQ: 5551555511. 555555 551151555555115· 55551151555155511551555 55515555
115 515 §gouer 51555 1155155, 51555 5551555555·- excedere 5155 1555 55 5551515 1555 (5551115111
5515155511551555155·1155.555115111151151555555 555555515515151555 5555551555115155511
111115111111111111151111111111 Q 11 ,11115 ·111111111111151
55111 5551155 55155 unpenumm 5555555 -155115-55 115155 ,55 ς111151155515555. 15515551111
15118 [Bm 1111511551511115π1 &mangethe 551 555 ’·55555555 5511515 51555 55 555551
5515153555· 5551555155ιί5 5555555·,555.155115555, 5155 555,15155555555155555(55551555115555·

1155511515 ,551155551- 1155155515 55551551· 55 55555555515155555115155515115515555115515
11511115 5115155, 5551115 555155 51555 5511 55 55. ex 5155 1555 (555 5. otte 5555551555 511
11555 11515555515555Ι 15155555515151551111155 511551, Β15.11555555555551511(11555155·· ..dim

555, 5555155555515 sermone 51 multam no· tere 55515155,5(55551555555555555,15555555555
555555-555551555(555555555,1115155555555151155 551551555555555511555555511155555551151515151111
111. 51551 515155 11555, 515 555 1155555555, 5151 -155555551515115551555 5155555555. .15555111
11111111’1511“1111111111111111 1111111111111111559111111111,
1111111111·11111111ῗ151111111 11111111511511111111111
-55515555, extrahere (.5515 5151155 55555151 55 555555 5555511531. 5155155555 55955511555551 5111 de

555 11555555. 51555115 5155555115 155515551555555511

151155, 5155551155155551,51155 555 55 51 55 5555155 5551555 555 5555155 5555551515 1111

15 1115ωῶ 11151 155 5155. 115 5155551551, 1155511 5155, 551555 11555115 5551155551 prodere (115551 bn
1115111115515151ε15α1111111551101111551ῗ5151151111ὶὲ1ζῖ 11515111515155113 zb‘tttrssaffiingxffeffiffigffi
1555511555, 555555555515155555555555155555 3555155511- -155515555555515515555515-11
ῦ5155115555555151555551555155555515555 55155555 5555115511 555555 555 1555511115·
11515155, 5551155555, 555555555511155 55155 555 1511555551555(551555355555555555151111111111

 

ml
1
5515555 flagrare 55 aestuare 55. 555555155ρ-1Π155555551555 555511555(,55ι555 55551555515115155,

