1559 11111911 11111111 1560 J

- 11111111111111 1111111111111111, 1111111111 io 1111, 111111 11 111111 1111111 11)·,11111111111111
111,-11111111,111111111111111111111111111 perturbatus 11111111 11111111 1111111111 111111
111,,11111111111111 11111111111111111111;11- 11111111111111111111111111111119111 119111
dem mutare: 111 1111111111 11111 1., officinae 11 111 11 1111 9111111111, 1191111111 me heoeo:
traicere Romam: 1111911111 einen 1111111111) 1111111111111111111111111111111 solliciti
1.,111111111111111111111 1111111111111111911 111111191111111111 .1111,1.,,111 1111111111ί
1111111111 1., 111111 referre: 111119111111111, 911111111”111111,,1.11111911111.11”1 111 mot 11
111111 1111111 convenere (011111. 1, 111,.111 9111111111111111111119111111111111, Caesar
11111911111111111111111111,1111111111ὓ11 111111 11111111111111111111, 1111111111 11
1111111111111111ᾞ1111112 11111111111111111111111111
1111111111 1111 loce transducere: 111 6111111111 1111911111);11111111111111111 1111113111111 unt
11111111119111111111.,1111111111 hibernie 11111111 11119111111911111111111, 1111. 11111111, 118. qi·
¹ (11111 11.1111111111111111111111111111111111- 11111111[1.111111111111111111]); 1111111. 11111
1111111111111 111. 1111111111 111 11911111 111111· animum commovere 1111111111111 1111111111111
11116111111ιυ,11911111111 plures civitatee· 111- 1111111111111, 11111111 1111111, 111 1. 1111111111
tnbuere: 111 111111111111 1111111, 1111111111 e 111111111111111111131111111111111111911
1111111111ῗῖ ...1111111111ἕέ 111.1111111111111111 ³⁰⁵²AE
111111111111119111111 11111119 11111161111111 11111111111111111111111111111111 3111. 111 111
1., 1111111111 1111111 ex 11111 11111111 in 11111- 1111111111.11111,11111111111111 11111111311111
1111111111111111111111111111 1111111111111111111111111ἓ1
11 111 ’111111111111111111-11111111111111111 9191119111, 111111 11111111111111111111111111 1111
111, 111111 11111 1,*111111,1111111111111911- 11111111111111111111111 1111111111111 uomodo
1111,11111111111 1111111111. - Π1111 1111111 1111111111111131111111111111 11111111·
111111111111. - 1111111111 (11111111111 111111 111,1111111111111191111111111111111111·111
1111111111119,11111-11111111111111111191, 111111, 111111 omn} molestie 1111111111 1111 mit
11111111111111111111.-111111111111111111111 1111111111 ,11111111111111111111
1111111111111 111111 1111 1111 111* 1111111111 1111111111.
1111 11111111.. 11111111 1111111111 1 11111111111
11111111191111111111111111191111111111111υ π’ 9111).-11111111111111111191111111ῗ1111111111
1.1111119111111111111,11111111111111· 111 1111111111 19 1111 111111 11111111, 111 1111111
111119 11111111 1111111111, 111. 1111111111). 1111111111- 1111111111111, ne 111111 1191131111.
1111111111111-,11111111111111118101111191,1111111111 ”offiffifflssda‘ss J 111911 111. 11, 1111 ”
11111111191111, 9111111111). -1111111111, io). - Π)11119.;1111.11111111(911111,111111111 -
-1111111111 (11 1111111911 1111119111 1111111111. - 1111111 1111 1111111111111111 1. 11111911,
commotos, 11111111,111111111111,111911111.11111 311111. 1111111111. -11111111 1111119 (3111111111.
111,,111111111111111,111111111-11111111111111, 9111111111. - donare 11111191 11. 11911 eloi 11
111111111111111111111,91111111111; uid 11111 1111111111,1111111111-1111111111111119111111
11111111111311111111111111. 111, 11111111. oe 111 1111111111 1111111 M.) · 1111111111·
11111 re 111111111111, 91111111 1111111111111 111 11, 11111111111111011. 111111.1111.1,111;
11111111111111101111111111 1111111111111111111111111111
11. 1111111 111 111111 11 1191 1111111 re (111 111 111111 1111111-811111111 11111111, 111111111111-
1191111111111111111111111111111111 111111 gnum 1111111111 11 1111111111 311111 111 1111
11111 11111 11 111111 1111191111 11111 111119 11111, 1., 11111111 311111. 1111 1111111, 111111111111
non methoenter 11111111. - 1119111111111111. 111111111311111111 1111111111111111111191
1. 1111111, 1111111111 11. perturbari 1111 re - 11., 1111111111 1111111111. -111111119111111111
111111. 1111111, 11111 1111111111111111111111, 11· 111, 11 mihi 1111 1119. 311111· 11111111.
111 11 1111111111, 1111 11 1191111111 1191111111111- 1111111111,111,ι1119.,111, 1) 1111 J· 1111111111,
111,,111111111111111. 11111 11, 11 111 111 111, 1111- Π) 111191 1111111 1111111191 -1111119,
11111111δ1111, 9111. 111 111111. 1111111 11· 1111111111.1111111111111111111,,111111111 111.
11111 111111111111111· 111111.1.11.111.1.τ.11τοι
11111111, 111 1111111 111111111111111111111 no: Ι 1111111111, 1) 111. = 1111111111, 11. 1. -⁸ 111111
111 1111111111. d h· υ . 1192111111111111-1111111111111111111111-
..1111111111111111111 11.111111111111111
1911191- 11 1111111111 (1111111111 111111, lue· 111111 eoo 1eneque.
11111. - 1119111111. 1111111111. 1111111 1111111911 mulctent J. 1111111111 (1111

191). - 1111111111 1911111111 111111- 1 11. 11111111, ο 1111111111, 11111. 111 111111, ι111111 in 11. 111 dod
11111111111111111(1113111111 1111111111“1111.1“111111111“1111
1

1111111111111111111111 11 111 11 ., incerto}
11. 1111111111, 9111 1111111. neseio quid 19111 impe ere 11111111911111191111111111111111,
(111111191111,11111111,11111111111111111- 11111911 111111111111111111111111111 11111111 3

111111191111111111111111111111111111111 1.11191.1111111[11 11111119111111111.11111

,11 11111-1111111111111111111111111111

 

