1151 61911919119911 1911111 1152

611919, 1119191199 919911119191911191919191 1191199111,’ 9911199191 9.919919

(11111111. 11999), 91911199911991. rationes 9199919- 6191199999 ,1. 6 99191111τῶ99.
111,1111“1’1·,11,’,111111)111·’1111 1119911.,1111111“1,,
113111·ᾘὲ Μ11111101ι’6ωξ)ὔιιι1ιιι.ιῃτῇιιῃ υὲῑοῶωωῶἒιᾷνῗὲῗ lgm 911 ε1118913119 91111111ο9δ119ᾱξεθηῦ 1111ῗέ 111θῖ
11ῗῆ1θῖ· 1919. 111 911611 9199111119,·ἓι,1ὶ9)-11--91,9111991111111911111191169
991199 99191119 9911999191 91999 6111911911, 11·

9911991919 (9191169191 91161191·ῇιδ 9911919,11111111,99119,9919911999119

199, 91 91199111919191911199 9991919199, 99· 19199 91191 (11911 1119191, 1, 6).
1911 Lamum 99919919, 999,’9991911919.

,619 9991111,191,9911991199,911999191-1,99191911 9111 1919, 9911911 (1191191191
911199. 6191199119-9911991611199911, 9999999919.
81,61911119911919919 1199119(161911991191191).6199191911,1.61111191.
6191199911(1191119191-19611911 61991 1911999119191919119919.
9111·919,1911111111119·9(9.,ι11,1119 9191191919 -99919191-11) ,11
1919 ’919119 19119 91919919 (11111, 1991991991 1119111991 119191991911 91199919 1111899.
19199, 91, 1111991197) 396-9999919191111199 9191114)
61919911 19 99, 99119191. 61991911911, vestimentum mortui

6191999 99, 919 119991, 91111919) 6199191 99, J 6191191911.

6191999111919, cothurnus (1111911119) 61191911, ’11,99199 9991991191111919919·
6191911119, ,111919191991191 (11911 lin. 11, 150, 1199 9199191 (91911111 111 6191199191- 81191-
1υο18911991191111111101110199, 911991 911191. 91191. 99999 ἓει619πὲ1911ἱΙδ 9, J. 1191 enreJiJJet5

911191, 9191111111· 91911991. 9191191191. 19119111 6199191911991,1.9911111,1111(1’Ῑ(1”1(1Γ
911 119 1119111)19) -991991 999911 91199111, obniti 1991 911
91919191191( 6191119119 9991911 6111111- -199 11991911, 9911 (111 9,,19. 11. 11119.,·) -1911911
111111 19119 911911, ,11991199 1119199111991919119911911911, 1999199916 9111911191 11111911)
119 111919 ιιι 119 69119 9911991911 999919 1111119991αῇ 911911 (99119 119119991111111911
11 1111111311, 1,“;“1“,11,’,ι,,,, 111111111111111 ,11119
9191191. 91 1911111111), ο111111191191(919.11 91969911119941111119111116 919119111911911
111111) 19911 9119111111),1919919119191191111111,61191119111199991911191119.11111.1111111191111)1118
1191999 911191 1111191911) 19911919 9191 (11111, 111) 919999919919911919, 9119199111, 1111 991
99911, 9119119199).- -11J· 1111 111191 1191911 muare 991 9111911) 91919911 (1111991911 11 1919

61911119111911, 999119 99991999 19919-1111 1191919119111111911ῧωκ11111199111911111161111ἓὲ1111ς

61991991,1)6119999911,1911111199(191 119 1919191119 6919119 (1919 99 99119919 9111919) 9199
11911919 91111 19191161 911911111991911)- 11111199· 11191191 9911911111 9911919919199, 1991191999 19
1119919999, 69991919 1919919119119999 19111191 1191199111 1991919991919911119-

9999199911 19191) -119199, 1919 (1918911191 9 919.91119191919,911191119991919.911199199-

19111 1911 6191 119119111999191 191111 191911119999991919911119991911991919
11111111191191, 199111.. 19,·9191911119,,,,1““ 1

919 11911) ·.9119 9111199161 (191 619911) 991 11191191) -11199991919, 1911199119 11199919
111911,919199191919911199999191991191919.(1911919919119991111911191-911111111111111001·
91119169199199 619911 911191 9111911199, 9191191 91919. extremum 11199 91199919911991911911

1919919919991991191991911191919961199 611999115119911913911991-11191911.99191991·

0111111911 111199999911111191119111119119919199 9919199991 99 1111919) ι11111 ι’1111911119
bhmm'ao (1111 6111-’11991ψ9191 99 ἷιΐέιῒιῐ 'am- ἃ1111191111ιέ(11111111Ψ9ῠ9ῒ1111119(11911111
9911118911 191911ῑὲ1111119( pflss‘ffiffigm md {utigneffiaetbmmunrfflffi'mffl 9111191
611191,9199119911919199.Μέ0111 191119 numdfemtommmJJeJffl·
11111169111111119, JJJJJJJJJJJ 1111 ,1661111
( mog& 91, 919111 (191 111161991191619111919 &m 191 1911 Jffiubtmmgeffttmmggn [1111
11111119111911161919199,9911191691119 1911911 11 9991119999 1191111991911, 9111119 99
1,.119119191119911191191111119191,6111·
1199 &Q 1911196199119161-91911119) 19)-)-1ι11“11991911919991919191991911199191-
1119991( (191 1911 1911119 61911911 11911111 91 1919 (119 611911 1911191119 1919119111-99
1119191191·ε 91)- 1196 ἢ191ῗ19169111911ή9- 111191191911911119919911)- )-.ι991·191911 diem ⁸1¹·
1111119919 191· 19191111911119161

 

